CameraSensitivity=10.000000
GridSpacing=1.000000
