CameraSensitivity=10.000000
GridSpacing=10.000000
