CameraSensitivity=1.000000
GridSpacing=1.400000
