CameraSensitivity=10.000000
GridSpacing=1.400000
