CameraSensitivity=2.200000
GridSpacing=10.000000
